PARAMETERS
tester_number:6,V_snr:high,A_snr:low,snr:asynch,sample_size_unit:25,            N_experiment:100,param_bci_path:../fitted_params/fitted_params_bci_full_4.npy,param_jpm_path:../fitted_params/fitted_params_jpm_full_4.npy,pkl_path:../S2_data/data.pkl
0	JPM:236.5067419924934,inf,inf;BCI:207.34726558150737,inf,inf
1	JPM:457.13749463056604,inf,inf;BCI:151.12149616260672,inf,inf
2	JPM:480.5739243330339,inf,inf;BCI:328.3825637791949,inf,inf
3	JPM:178.77842701443342,inf,inf;BCI:481.1519609924535,inf,inf
4	JPM:353.8583074707068,inf,inf;BCI:297.95408615413135,inf,inf
5	JPM:246.82585519462464,inf,inf;BCI:310.07245668908365,inf,inf
6	JPM:299.96274173025574,inf,inf;BCI:470.2789576951867,inf,inf
7	JPM:311.92979698909244,inf,inf;BCI:298.5778939723921,inf,inf
8	JPM:372.88173573440076,inf,inf;BCI:277.7161950424713,inf,inf
9	JPM:305.0946381484289,inf,inf;BCI:250.52777844093487,inf,inf
10	JPM:322.90537179705655,inf,inf;BCI:294.74261264625034,inf,inf
11	JPM:417.42019740067815,inf,inf;BCI:212.94383274213112,inf,inf
12	JPM:143.71644493884867,inf,inf;BCI:157.9511450349222,inf,inf
13	JPM:678.3811186742277,inf,inf;BCI:293.5066410154167,inf,inf
14	JPM:257.51731566888304,inf,inf;BCI:157.59122064246196,inf,inf
15	JPM:476.638038336411,inf,inf;BCI:207.5022922885547,inf,inf
16	JPM:226.79422255547775,inf,inf;BCI:285.3101346324926,inf,inf
17	JPM:448.400623935078,inf,inf;BCI:303.6830014077706,inf,inf
18	JPM:655.0603511355617,inf,inf;BCI:173.4188452405583,inf,inf
19	JPM:293.9766959562842,inf,inf;BCI:335.14819011108216,inf,inf
20	JPM:330.44481646238285,inf,inf;BCI:279.4998575496853,inf,inf
21	JPM:25.364772528565368,135.76937553337638,144.992342200113;BCI:21.18844101212187,113.71973948305464,123.93955279394316
22	JPM:329.0197443212945,inf,inf;BCI:625.4750883223303,inf,inf
23	JPM:267.5202162699435,inf,inf;BCI:128.55820196252876,inf,inf
24	JPM:543.721568031498,inf,inf;BCI:192.09399037098342,inf,inf
25	JPM:339.1365096548093,inf,inf;BCI:95.65505644325322,inf,inf
26	JPM:235.3685844934687,inf,inf;BCI:350.00410239709026,inf,inf
27	JPM:297.28354970075895,inf,inf;BCI:311.1584613939084,inf,inf
28	JPM:290.22842240087834,inf,inf;BCI:195.16629035246171,inf,inf
29	JPM:195.25622290194315,inf,inf;BCI:337.5851376186911,inf,inf
30	JPM:381.0027527512352,inf,inf;BCI:118.1285421055428,inf,inf
31	JPM:24.30066908034388,149.6321443291091,159.7293937468777;BCI:21.818383212347214,116.1109519567238,130.28361271107497
32	JPM:356.6157451673937,inf,inf;BCI:175.84221343866182,inf,inf
33	JPM:245.48241130049917,inf,inf;BCI:224.4081286567714,inf,inf
34	JPM:174.7936882652449,inf,inf;BCI:142.94768410769484,inf,inf
35	JPM:379.4471830647793,inf,inf;BCI:297.28074007200485,inf,inf
36	JPM:161.85749757468102,inf,inf;BCI:425.1284026887355,inf,inf
37	JPM:533.44463239061,inf,inf;BCI:374.41519965947623,inf,inf
38	JPM:483.69130172567577,inf,inf;BCI:271.00805710866723,inf,inf
39	JPM:152.552799149492,inf,inf;BCI:216.9641841125025,inf,inf
40	JPM:235.19462834170076,inf,inf;BCI:269.03603925777713,inf,inf
41	JPM:550.4937557148222,inf,inf;BCI:186.26493956981426,inf,inf
42	JPM:193.18194655288482,inf,inf;BCI:294.8056620214163,inf,inf
43	JPM:379.45075814211714,inf,inf;BCI:260.5231048430926,inf,inf
44	JPM:229.4641473694005,inf,inf;BCI:212.26342805428135,inf,inf
45	JPM:487.46341278845387,inf,inf;BCI:115.6459116603803,inf,inf
46	JPM:237.9826943588307,inf,inf;BCI:385.5550368473107,inf,inf
47	JPM:333.16975727476347,inf,inf;BCI:116.49708851419462,inf,inf
48	JPM:325.2987134440697,inf,inf;BCI:217.83378401500693,inf,inf
49	JPM:441.29461687719936,inf,inf;BCI:184.27075908929964,inf,inf
50	JPM:402.4830014291798,inf,inf;BCI:223.53403812298723,inf,inf
51	JPM:439.3971592626126,inf,inf;BCI:179.86508559257106,inf,inf
52	JPM:201.09881052711341,inf,inf;BCI:112.60045574677588,inf,inf
53	JPM:311.63148430959745,inf,inf;BCI:337.0748357432691,inf,inf
54	JPM:410.00244297654456,inf,inf;BCI:130.26620239608224,inf,inf
55	JPM:25.244548967201013,154.15744521652323,166.15504980157914;BCI:19.783875781669508,118.25429678235508,132.7159187081409
56	JPM:142.3590407478514,inf,inf;BCI:171.14590077070147,inf,inf
57	JPM:264.9980917166897,inf,inf;BCI:404.66925740304043,inf,inf
58	JPM:377.43300999550127,inf,inf;BCI:92.54472322919685,inf,inf
59	JPM:341.88699719647525,inf,inf;BCI:487.7080541098022,inf,inf
60	JPM:215.92145900080618,inf,inf;BCI:280.65169670423006,inf,inf
61	JPM:275.2089676232256,inf,inf;BCI:95.69575514822805,inf,inf
62	JPM:318.73885048377144,inf,inf;BCI:236.98133242169376,inf,inf
63	JPM:23.275495203441892,151.12518555353915,161.74062310051238;BCI:19.937501924626872,118.99086852107766,130.55168186811986
64	JPM:219.4663258735343,inf,inf;BCI:530.6276425347211,inf,inf
65	JPM:318.72804235904607,inf,inf;BCI:137.30909303211172,inf,inf
66	JPM:301.0590194044702,inf,inf;BCI:198.51584297792874,inf,inf
67	JPM:254.39902949558848,inf,inf;BCI:391.04403211276826,inf,inf
68	JPM:297.16916213454283,inf,inf;BCI:355.500716580362,inf,inf
69	JPM:194.1067718345405,inf,inf;BCI:186.78822827677152,inf,inf
70	JPM:278.80661467462664,inf,inf;BCI:211.62089712240095,inf,inf
71	JPM:217.78859891831667,inf,inf;BCI:142.0591346125716,inf,inf
72	JPM:356.74997121334604,inf,inf;BCI:129.58077697279862,inf,inf
73	JPM:166.57446242374726,inf,inf;BCI:222.5363640645303,inf,inf
74	JPM:186.15295892227618,inf,inf;BCI:132.6129559058254,inf,inf
75	JPM:416.3634536401373,inf,inf;BCI:427.35339746081456,inf,inf
76	JPM:217.3871001650599,inf,inf;BCI:498.77637967349983,inf,inf
77	JPM:226.49655879033276,inf,inf;BCI:440.02526402049693,inf,inf
78	JPM:305.7781386670878,inf,inf;BCI:306.5286476269796,inf,inf
79	JPM:329.86926264100225,inf,inf;BCI:315.6956603163014,inf,inf
80	JPM:522.5486048887917,inf,inf;BCI:269.84602047503006,inf,inf
81	JPM:535.1186976808308,inf,inf;BCI:201.64993351986618,inf,inf
82	JPM:572.3137079301458,inf,inf;BCI:173.1901137129654,inf,inf
83	JPM:286.5926650205597,inf,inf;BCI:505.8786888983067,inf,inf
84	JPM:70.67871729566298,inf,inf;BCI:224.52757920882732,inf,inf
85	JPM:175.9650243282165,inf,inf;BCI:260.55733701688234,inf,inf
86	JPM:227.32354390014416,inf,inf;BCI:148.24174904346023,inf,inf
87	JPM:508.5469573385768,inf,inf;BCI:453.1869926932818,inf,inf
88	JPM:363.46179382109176,inf,inf;BCI:160.66364210869347,inf,inf
89	JPM:270.6379375923509,inf,inf;BCI:112.68691724800908,inf,inf
90	JPM:178.14714524117096,inf,inf;BCI:245.3930028681724,inf,inf
91	JPM:162.20072205479676,inf,inf;BCI:211.22422293102443,inf,inf
92	JPM:181.52346992288278,inf,inf;BCI:403.01860180507333,inf,inf
93	JPM:192.60018353576322,inf,inf;BCI:371.90896395614277,inf,inf
94	JPM:523.4179185833473,inf,inf;BCI:573.9759697100951,inf,inf
95	JPM:439.3963758411021,inf,inf;BCI:175.51132161793691,inf,inf
96	JPM:160.26243462061336,inf,inf;BCI:277.23378776924676,inf,inf
97	JPM:606.670474438629,inf,inf;BCI:202.54180534487443,inf,inf
98	JPM:383.80957860473575,inf,inf;BCI:151.0338539836431,inf,inf
99	JPM:359.77766392972535,inf,inf;BCI:222.81062284584596,inf,inf
