PARAMETERS
tester_number:6,V_snr:high,A_snr:low,snr:asynch,sample_size_unit:25,            N_experiment:100,param_bci_path:../fitted_params/fitted_params_bci_full_4.npy,param_jpm_path:../fitted_params/fitted_params_jpm_full_4.npy,pkl_path:../S2_data/data.pkl
0	JPM:138.0407347866253,inf,inf;BCI:556.6874999273494,inf,inf
1	JPM:281.65019728893094,inf,inf;BCI:307.25564429585484,inf,inf
2	JPM:409.60631831737317,inf,inf;BCI:315.77200939927025,inf,inf
3	JPM:176.97148587254867,inf,inf;BCI:104.15825962633733,inf,inf
4	JPM:275.6734602951991,inf,inf;BCI:206.31677439835948,inf,inf
5	JPM:159.3081867740832,inf,inf;BCI:83.17624685752821,inf,inf
6	JPM:447.5974076584271,inf,inf;BCI:149.6033739738774,inf,inf
7	JPM:360.82893862535514,inf,inf;BCI:186.03532055406367,inf,inf
8	JPM:302.138754105133,inf,inf;BCI:129.88855206857045,inf,inf
9	JPM:164.83707267617433,inf,inf;BCI:232.51706196273528,inf,inf
10	JPM:129.36384084442216,inf,inf;BCI:218.3136549956979,inf,inf
11	JPM:243.51810157284888,inf,inf;BCI:147.42019404275743,inf,inf
12	JPM:331.62512113676564,inf,inf;BCI:210.16987312741946,inf,inf
13	JPM:227.59173611091558,inf,inf;BCI:422.71957674406656,inf,inf
14	JPM:116.62845118273651,inf,inf;BCI:77.97870329625619,inf,inf
15	JPM:276.283906132777,inf,inf;BCI:154.78251904047966,inf,inf
16	JPM:119.00642856801778,inf,inf;BCI:337.130119329277,inf,inf
17	JPM:364.7133594735765,inf,inf;BCI:179.82463220016052,inf,inf
18	JPM:265.76508993430923,inf,inf;BCI:198.99618185488384,inf,inf
19	JPM:135.7304443284704,inf,inf;BCI:153.3890386103642,inf,inf
20	JPM:128.3619260502246,inf,inf;BCI:112.44438262467395,inf,inf
21	JPM:597.3296334738648,inf,inf;BCI:341.558505348375,inf,inf
22	JPM:299.1034390609078,inf,inf;BCI:165.29351284778784,inf,inf
23	JPM:194.6390176293038,inf,inf;BCI:197.569657068492,inf,inf
24	JPM:478.46798050258485,inf,inf;BCI:247.9041434120188,inf,inf
25	JPM:236.78618893196006,inf,inf;BCI:230.42122004999862,inf,inf
26	JPM:583.6163581536247,inf,inf;BCI:119.44397021248164,inf,inf
27	JPM:93.72728446905114,inf,inf;BCI:132.55280379567182,inf,inf
28	JPM:227.91871446786877,inf,inf;BCI:80.79575688567445,inf,inf
29	JPM:284.150005598534,inf,inf;BCI:203.40940527741907,inf,inf
30	JPM:191.2987369858016,inf,inf;BCI:200.32999315894926,inf,inf
31	JPM:471.3658862323051,inf,inf;BCI:263.9579329071461,inf,inf
32	JPM:499.37931055863896,inf,inf;BCI:202.7467889444896,inf,inf
33	JPM:274.27156978423295,inf,inf;BCI:329.6029873136381,inf,inf
34	JPM:129.0935542331049,inf,inf;BCI:148.1065547988103,inf,inf
35	JPM:326.03081067030257,inf,inf;BCI:427.5222086692339,inf,inf
36	JPM:649.0741438234833,inf,inf;BCI:204.73974804442798,inf,inf
37	JPM:245.69777447570448,inf,inf;BCI:162.7752706204992,inf,inf
38	JPM:395.52741572288244,inf,inf;BCI:126.41224583186533,inf,inf
39	JPM:203.31854601206567,inf,inf;BCI:126.13667598650034,inf,inf
40	JPM:225.21571297124933,inf,inf;BCI:202.38736005344526,inf,inf
41	JPM:306.9192347806712,inf,inf;BCI:268.453529709244,inf,inf
42	JPM:137.99386426069793,inf,inf;BCI:281.6765435199717,inf,inf
43	JPM:160.04063268929247,inf,inf;BCI:314.88706465904215,inf,inf
44	JPM:329.0894485057722,inf,inf;BCI:189.2682458546101,inf,inf
45	JPM:389.13238610470614,inf,inf;BCI:205.23922058064534,inf,inf
46	JPM:320.56967818079977,inf,inf;BCI:125.70323393523915,inf,inf
47	JPM:313.32279008721184,inf,inf;BCI:202.1758850811906,inf,inf
48	JPM:358.7952651693786,inf,inf;BCI:70.58290297383837,inf,inf
49	JPM:502.9864859944971,inf,inf;BCI:138.4629909100172,inf,inf
50	JPM:192.3073207980084,inf,inf;BCI:78.86278471802575,inf,inf
51	JPM:367.36771793483933,inf,inf;BCI:215.62346305183087,inf,inf
52	JPM:195.2002422372616,inf,inf;BCI:110.78932543981819,inf,inf
53	JPM:446.3490854050161,inf,inf;BCI:340.2839198764798,inf,inf
54	JPM:193.48118802764054,inf,inf;BCI:293.2846197313934,inf,inf
55	JPM:252.90651037288285,inf,inf;BCI:494.8216036931134,inf,inf
56	JPM:283.1512108933464,inf,inf;BCI:283.66459116908345,inf,inf
57	JPM:108.4777595898322,inf,inf;BCI:325.1153600353257,inf,inf
58	JPM:153.20126130277424,inf,inf;BCI:137.93822995732216,inf,inf
59	JPM:221.10349764589535,inf,inf;BCI:483.90791152455495,inf,inf
60	JPM:185.9824914259849,inf,inf;BCI:168.72040077827455,inf,inf
61	JPM:165.47849283647088,inf,inf;BCI:132.65751542249916,inf,inf
62	JPM:277.4684311476292,inf,inf;BCI:104.47180101189315,inf,inf
63	JPM:209.80688092805246,inf,inf;BCI:100.76684153482336,inf,inf
64	JPM:401.6930252175122,inf,inf;BCI:140.0011765109016,inf,inf
65	JPM:111.0516247537305,inf,inf;BCI:111.9456971074386,inf,inf
66	JPM:256.4583026539457,inf,inf;BCI:260.0100149302424,inf,inf
67	JPM:524.2528890076585,inf,inf;BCI:451.77148277333777,inf,inf
68	JPM:135.26846464827508,inf,inf;BCI:117.37217296642359,inf,inf
69	JPM:296.2334698903718,inf,inf;BCI:316.4223413310484,inf,inf
70	JPM:252.5967090753128,inf,inf;BCI:178.15585329415728,inf,inf
71	JPM:368.2005302717681,inf,inf;BCI:150.6066121164289,inf,inf
72	JPM:205.11241148965235,inf,inf;BCI:257.58347895837835,inf,inf
73	JPM:561.2737368839757,inf,inf;BCI:77.52935377171855,inf,inf
74	JPM:582.0969119461873,inf,inf;BCI:187.12544909762414,inf,inf
75	JPM:172.25744449839965,inf,inf;BCI:245.69215529683822,inf,inf
76	JPM:203.96047736579146,inf,inf;BCI:204.3714562593043,inf,inf
77	JPM:187.16088557606884,inf,inf;BCI:471.71956843506734,inf,inf
78	JPM:207.88310999640726,inf,inf;BCI:140.49835314311827,inf,inf
79	JPM:181.73211914651188,inf,inf;BCI:88.1543759585146,inf,inf
80	JPM:177.0850478859487,inf,inf;BCI:98.70954027007076,inf,inf
81	JPM:307.9976343415798,inf,inf;BCI:263.6171767334383,inf,inf
82	JPM:340.5249569753556,inf,inf;BCI:175.0149844782053,inf,inf
83	JPM:379.6149888737234,inf,inf;BCI:326.0162771013627,inf,inf
84	JPM:381.6385341551653,inf,inf;BCI:172.44330119046356,inf,inf
85	JPM:297.2814725468519,inf,inf;BCI:214.6452309884802,inf,inf
86	JPM:287.75101364380714,inf,inf;BCI:158.16659306561667,inf,inf
87	JPM:166.74365219018785,inf,inf;BCI:145.3914071379403,inf,inf
88	JPM:303.8206940938793,inf,inf;BCI:511.61299714099096,inf,inf
89	JPM:267.2675839434188,inf,inf;BCI:378.04969355823084,inf,inf
90	JPM:138.5615746102161,inf,inf;BCI:72.1588494782959,inf,inf
91	JPM:376.8452274309394,inf,inf;BCI:101.0933041107022,inf,inf
92	JPM:238.14681871636662,inf,inf;BCI:69.70874857496051,inf,inf
93	JPM:388.39170339070677,inf,inf;BCI:180.25153653091854,inf,inf
94	JPM:486.27021014224704,inf,inf;BCI:190.58153084231606,inf,inf
95	JPM:237.8003802188731,inf,inf;BCI:95.87361460299417,inf,inf
96	JPM:254.05082323321687,inf,inf;BCI:172.01709780708802,inf,inf
97	JPM:393.6133504862272,inf,inf;BCI:188.67874458978577,inf,inf
98	JPM:384.9252398480512,inf,inf;BCI:441.00398566590206,inf,inf
99	JPM:245.5641570657316,inf,inf;BCI:170.1170895651445,inf,inf
